gr666_30 665 10 40

0	90	0
1	71.17	-156.47
2	64.51	-147.43
3	61.13	-149.53
4	58.2	-134.27
5	49.16	-123.07
6	53.33	-113.28
7	51.03	-114.05
8	50.25	-104.39
9	52.07	-106.38
10	49.53	-97.09
11	58.46	-94.1
12	43.39	-79.23
13	45.25	-75.42
14	45.31	-73.34
15	46.49	-71.14
16	44.39	-63.36
17	47.34	-52.43
18	47.36	-122.2
19	47.4	-117.23
20	38.35	-121.3
21	37.48	-122.24
22	34.03	-118.15
23	32.43	-117.09
24	40.46	-111.53
25	33.27	-112.05
26	39.43	-105.01
27	35.05	-106.4
28	31.45	-106.29
29	46.47	-92.06
30	44.59	-93.13
31	41.16	-95.57
32	39.07	-94.39
33	35.28	-97.32
34	32.47	-96.48
35	29.46	-95.22
36	43.02	-87.55
37	41.53	-87.38
38	38.39	-90.25
39	35.08	-90.03
40	29.58	-90.07
41	42.2	-83.03
42	40.26	-80
43	39.06	-84.31
44	33.45	-84.23
45	42.21	-71.04
46	40.43	-74.01
47	39.57	-75.07
48	38.54	-77.01
49	30.2	-81.4
50	25.46	-80.12
51	25.05	-77.21
52	28.38	-106.05
53	25.33	-103.26
54	25.4	-100.19
55	22.13	-97.51
56	22.09	-100.59
57	20.4	-103.2
58	19.24	-99.09
59	19.03	-98.12
60	19.2	-96.4
61	16.51	-99.55
62	17.03	-96.43
63	17.59	-92.55
64	20.58	-89.37
65	17.3	-88.12
66	14.38	-90.31
67	13.42	-89.12
68	14.06	-87.13
69	12.09	-86.17
70	9.56	-84.05
71	8.58	-79.32
72	23.08	-82.22
73	22.24	-79.58
74	20.01	-75.49
75	18	-76.48
76	18.32	-72.2
77	18.28	-69.54
78	18.28	-66.07
79	14.36	-61.05
80	13.06	-59.37
81	10.39	-61.31
82	12.06	-68.56
83	4.56	-52.2
84	5.5	-55.1
85	6.48	-58.1
86	10.3	-66.56
87	10.4	-71.37
88	10.59	-74.48
89	6.15	-75.35
90	4.36	-74.05
91	3.27	-76.31
92	-0.56	-91.01
93	-0.13	-78.3
94	-1.4	-78.38
95	-2.1	-79.5
96	-3.46	-73.15
97	-8.07	-79.02
98	-12.03	-77.03
99	-13.31	-71.59
100	-16.24	-71.33
101	-16.3	-68.09
102	-17.48	-63.1
103	-19.35	-65.45
104	-23.39	-70.24
105	-33.27	-70.4
106	-36.5	-73.03
107	-53.09	-70.55
108	-51.42	-57.51
109	-38.43	-62.17
110	-38	-57.33
111	-34.5	-56.12
112	-34.36	-58.27
113	-32.57	-60.4
114	-31.24	-64.11
115	-32.53	-68.49
116	-26.49	-65.13
117	-25.16	-57.4
118	-30.04	-51.11
119	-27.35	-48.34
120	-25.25	-49.15
121	-23.32	-46.37
122	-22.54	-43.14
123	-20.23	-43.3
124	-19.55	-43.56
125	-20.27	-54.37
126	-15.35	-56.05
127	-16.4	-49.16
128	-15.47	-47.55
129	-12.59	-38.31
130	-8.03	-34.54
131	-5.47	-35.13
132	-3.43	-38.3
133	-5.05	-42.49
134	-2.31	-44.16
135	-1.27	-48.29
136	-3.08	-60.01
137	-8.46	-63.54
138	14.55	-23.31
139	28.06	-15.24
140	32.38	-16.54
141	31.38	-8
142	33.39	-7.35
143	34.02	-6.51
144	34.05	-4.57
145	35.48	-5.45
146	35.43	-0.43
147	36.47	3.03
148	22.56	5.3
149	36.22	6.37
150	36.48	10.11
151	34.44	10.46
152	32.54	13.11
153	32.07	20.04
154	31.12	29.54
155	31.16	32.18
156	29.58	32.33
157	30.03	31.15
158	24.05	32.53
159	19.37	37.14
160	15.36	32.32
161	13.11	30.13
162	13.38	25.21
163	15.2	38.53
164	9	38.5
165	11.36	43.09
166	18.06	-15.57
167	14.4	-17.26
168	13.28	-16.39
169	11.51	-15.35
170	16.46	-3.01
171	12.39	-8
172	10.23	-9.18
173	9.31	-13.43
174	8.3	-13.15
175	6.18	-10.47
176	5.19	-4.02
177	6.41	-1.35
178	5.33	-0.13
179	6.08	1.13
180	6.29	2.37
181	12.22	-1.31
182	13.31	2.07
183	12	8.3
184	11.51	13.1
185	12.07	15.03
186	6.27	3.24
187	6.27	7.27
188	0.2	6.44
189	3.45	8.47
190	3.52	11.31
191	4.22	18.35
192	0.23	9.27
193	-4.16	15.17
194	-4.18	15.18
195	0.04	18.16
196	-5.54	22.25
197	0.3	25.12
198	-3.23	29.22
199	-1.57	30.04
200	0.19	32.25
201	-1.17	36.49
202	2.01	45.2
203	-4.03	39.4
204	-6.1	39.11
205	-6.48	39.17
206	-8.48	13.14
207	-12.44	15.47
208	-11.4	27.28
209	-12.49	28.13
210	-15.25	28.17
211	-20.09	28.36
212	-17.5	31.03
213	-15.47	35
214	-19.49	34.52
215	-25.58	32.35
216	-15.57	-5.42
217	-37.15	-12.3
218	-22.59	14.31
219	-22.34	17.06
220	-26.38	15.1
221	-24.45	25.55
222	-25.45	28.1
223	-26.15	28
224	-29.12	26.07
225	-29.55	30.56
226	-33	27.55
227	-33.58	25.4
228	-33.55	18.22
229	-23.21	43.4
230	-18.55	47.31
231	-12.16	49.17
232	-20.1	57.3
233	-4.38	55.27
234	37.44	-25.4
235	38.43	-9.08
236	41.11	-8.36
237	37.23	-5.59
238	36.32	-6.18
239	36.43	-4.25
240	37.13	-3.41
241	37.53	-4.46
242	38.21	-0.29
243	39.28	-0.22
244	41.23	2.11
245	41.38	-0.53
246	40.24	-3.41
247	41.39	-4.43
248	43.15	-2.58
249	43.22	-8.23
250	38.54	1.26
251	39.34	2.39
252	42.3	1.31
253	44.5	-0.34
254	43.36	1.26
255	43.18	5.24
256	43.42	7.15
257	43.42	7.23
258	42.42	9.27
259	45.5	1.16
260	45.26	4.24
261	45.45	4.51
262	45.1	5.43
263	48.24	-4.29
264	48.05	-1.41
265	47.13	-1.33
266	47.23	0.41
267	49.3	0.08
268	48.52	2.2
269	49.15	4.02
270	47.19	5.01
271	48.41	6.12
272	48.35	7.45
273	49.36	6.09
274	50.38	5.34
275	50.5	4.2
276	50.38	3.04
277	51.03	3.43
278	51.13	4.25
279	51.26	5.28
280	51.55	4.28
281	52.22	4.54
282	52.05	5.08
283	53.13	6.33
284	50.23	-4.1
285	50.43	-1.54
286	50.5	-0.08
287	51.29	-3.13
288	51.27	-2.35
289	51.3	-0.1
290	52.3	-1.5
291	53.25	-2.55
292	53.3	-2.15
293	53.23	-1.3
294	53.5	-1.35
295	54.59	-1.35
296	55.57	-3.13
297	55.53	-4.15
298	56.28	-3
299	57.1	-2.04
300	60.09	-1.09
301	62.01	-6.46
302	51.54	-8.28
303	52.4	-8.38
304	53.2	-6.15
305	54.35	-5.55
306	55	-7.19
307	64.09	-21.51
308	64.11	-51.44
309	76.34	-68.47
310	70.4	23.42
311	68.26	17.25
312	65.01	25.28
313	61.3	23.45
314	60.27	22.17
315	60.1	24.58
316	63.25	10.25
317	60.23	5.2
318	58.58	5.45
319	59.55	10.45
320	57.43	11.58
321	55.36	13
322	58.25	15.37
323	59.2	18.03
324	57.38	18.18
325	56.09	10.13
326	55.24	10.23
327	55.4	12.35
328	53.04	8.49
329	53.33	9.59
330	54.2	10.08
331	54.05	12.07
332	51.57	7.37
333	52.24	9.44
334	52.07	11.38
335	52.31	13.24
336	50.47	6.05
337	50.44	7.05
338	50.56	6.59
339	51.12	6.47
340	51.17	7.17
341	51.28	7.01
342	51.28	7.13
343	51.32	7.13
344	51.31	7.28
345	51.19	9.29
346	50.58	11.01
347	51.29	11.58
348	51.19	12.2
349	50.5	12.55
350	51.03	13.44
351	49.14	6.59
352	50.07	8.4
353	49.25	8.43
354	49.48	9.56
355	49.27	11.04
356	49.03	8.24
357	48.46	9.11
358	49.01	12.06
359	48.08	11.34
360	46.12	6.09
361	46.31	6.38
362	46.57	7.26
363	47.33	7.35
364	47.23	8.32
365	47.16	11.24
366	47.48	13.02
367	48.18	14.18
368	48.13	16.2
369	47.05	15.27
370	45.03	7.4
371	45.28	9.12
372	45.27	11
373	45.27	12.21
374	45.4	13.46
375	44.25	8.57
376	44.29	11.2
377	43.46	11.15
378	43.55	12.28
379	39.2	9
380	41.54	12.29
381	40.51	14.17
382	41.27	15.34
383	41.07	16.52
384	40.28	17.15
385	38.11	15.33
386	37.3	15.06
387	38.07	13.21
388	35.54	14.31
389	53.24	14.32
390	54.23	18.4
391	53.08	18
392	52.25	16.55
393	51.46	19.3
394	52.15	21
395	53.09	23.09
396	51.06	17
397	50.16	19
398	50.03	19.58
399	51.15	22.35
400	49.45	13.23
401	50.05	14.26
402	49.5	18.17
403	49.12	16.37
404	48.09	17.07
405	48.43	21.15
406	47.3	19.05
407	47.32	21.38
408	46.05	18.13
409	46.15	20.09
410	45.45	21.13
411	46.47	23.36
412	47.1	27.35
413	45.48	24.09
414	45.39	25.37
415	44.26	26.06
416	44.11	28.39
417	46.03	14.31
418	45.2	14.27
419	45.48	15.58
420	43.31	16.27
421	43.52	18.25
422	44.5	20.3
423	42.38	18.07
424	41.59	21.26
425	41.2	19.5
426	42.41	23.19
427	42.09	24.45
428	43.13	27.55
429	42.3	27.28
430	39.36	19.56
431	40.38	22.56
432	38.15	21.44
433	37.58	23.43
434	35.2	25.09
435	35.1	33.22
436	68.58	33.05
437	64.34	40.32
438	59.55	30.15
439	59.25	24.45
440	56.57	24.06
441	54.43	20.3
442	54.41	25.19
443	53.54	27.34
444	49.5	24
445	50.26	30.31
446	46.28	30.44
447	55.45	37.35
448	56.2	44
449	55.45	49.08
450	53.12	50.09
451	51.4	39.1
452	50	36.15
453	48.27	34.59
454	44.36	33.32
455	47.14	39.42
456	48.44	44.25
457	46.21	48.03
458	41.43	44.49
459	40.11	44.3
460	40.23	49.51
461	58	56.15
462	56.51	60.36
463	67.27	63.58
464	69.2	88.06
465	55	73.24
466	55.02	82.55
467	56.01	92.5
468	49.5	73.1
469	43.15	76.57
470	41.2	69.18
471	39.4	66.48
472	38.35	68.48
473	43.48	87.35
474	52.16	104.2
475	47.55	106.53
476	52.03	113.3
477	62.13	129.49
478	64.45	177.29
479	53.01	158.39
480	59.34	150.48
481	50.17	127.32
482	50.35	137.02
483	48.27	135.06
484	46.58	142.42
485	43.1	131.56
486	41.01	28.58
487	38.25	27.09
488	39.56	32.52
489	38.43	35.3
490	39.45	37.02
491	39.55	41.17
492	37.55	40.14
493	37.01	35.18
494	36.12	37.1
495	34.44	36.43
496	33.3	36.18
497	33.53	35.3
498	31.57	35.56
499	32.5	35
500	32.04	34.46
501	31.46	35.14
502	24.28	39.36
503	21.3	39.12
504	21.27	39.49
505	15.23	44.12
506	14.48	42.57
507	12.45	45.12
508	14.32	49.08
509	23.37	58.35
510	25.18	55.18
511	25.17	51.32
512	26.13	50.35
513	24.38	46.43
514	29.2	47.59
515	30.3	47.47
516	33.21	44.25
517	35.28	44.28
518	36.2	43.08
519	38.05	46.18
520	37.16	49.36
521	35.4	51.26
522	34.19	47.04
523	30.2	48.16
524	32.4	51.38
525	29.36	52.32
526	30.17	57.05
527	36.18	59.36
528	34.2	62.12
529	31.32	65.3
530	34.31	69.12
531	33.36	73.04
532	31.35	74.18
533	31.25	73.05
534	30.11	71.29
535	30.12	67
536	27.42	68.52
537	25.22	68.22
538	24.52	67.03
539	30.19	78.02
540	28.4	77.13
541	26.17	73.02
542	26.55	75.49
543	26.28	80.21
544	25.2	83
545	25.36	85.07
546	22.32	88.22
547	23.02	72.37
548	21.09	79.06
549	20.3	85.5
550	18.58	72.5
551	17.23	78.29
552	17.42	83.18
553	15.21	75.1
554	12.59	77.35
555	13.05	80.17
556	10.49	78.41
557	9.56	78.07
558	6.56	79.51
559	27.43	85.19
560	27.28	89.39
561	23.43	90.25
562	22.2	91.5
563	22	96.05
564	16.47	96.1
565	18.47	98.59
566	19.52	102.08
567	17.58	102.36
568	21.02	105.51
569	16.28	107.36
570	16.04	108.13
571	10.45	106.4
572	11.33	104.55
573	13.45	100.31
574	5.25	100.2
575	3.1	101.42
576	1.17	103.51
577	3.35	98.4
578	-0.57	100.21
579	-2.55	104.45
580	-6.1	106.48
581	-6.54	107.36
582	-7.48	110.22
583	-7.15	112.45
584	-8.39	115.13
585	-10.1	123.35
586	-3.2	114.35
587	1.33	110.2
588	4.56	114.55
589	-0.3	117.09
590	-5.07	119.24
591	1.29	124.51
592	-3.43	128.12
593	-5.4	132.45
594	7.04	125.36
595	10.18	123.54
596	10.42	122.34
597	14.35	121
598	22.17	114.09
599	22.38	120.17
600	25.03	121.3
601	29.4	91.09
602	36.03	103.41
603	34.15	108.52
604	30.39	104.04
605	29.39	106.34
606	25.05	102.4
607	23.06	113.16
608	26.06	119.17
609	30.36	114.17
610	32.03	118.47
611	31.14	121.28
612	34.48	113.39
613	36.06	120.19
614	37.55	112.3
615	39.08	117.12
616	39.55	116.25
617	38.53	121.35
618	41.48	123.27
619	45.45	126.41
620	39.01	125.45
621	37.33	126.58
622	35.06	129.03
623	43.03	141.21
624	39.43	140.07
625	38.15	140.53
626	35.42	139.46
627	35.1	136.55
628	36.34	136.39
629	35	135.45
630	34.4	135.3
631	34.24	132.27
632	32.48	129.55
633	31.36	130.33
634	26.13	127.4
635	13.28	144.47
636	-2.32	140.42
637	-4.12	152.12
638	-9.3	147.1
639	-12.28	130.5
640	-31.56	115.5
641	-34.55	138.35
642	-37.49	144.58
643	-42.53	147.19
644	-33.52	151.13
645	-27.28	153.02
646	-19.16	146.48
647	-23.42	133.53
648	-45.52	170.3
649	-43.32	172.38
650	-41.18	174.47
651	-36.52	174.46
652	-21.08	-175.12
653	-14.16	-170.42
654	-18.08	178.25
655	-22.16	166.27
656	-9.26	159.57
657	-0.32	166.55
658	11.35	165.23
659	21.19	-157.52
660	1.52	-157.2
661	-9.45	-139
662	-17.32	-149.34
663	-25.04	-130.06
664	-27.07	-109.22
665	-90	0
